4861061246
4861001047
4845034806
4845123089
4845041037
4845005995
4844982409
4832105009
4832015622
4831952747
4827070406
4827162678
4827253867
4827236781
4827176544
4827094257
4827067481
4807349220
4807347802
4807329815
4807327681
4807326012
4807289084
4807288830
4807272908
4807266458
4795542106
4795475739
4790380799
4790322215
4787638631
4787625254
4787619559
4787556237
4787541491
4767553709
4767543867
4767533643
4767486961
4767532841
4767511727
4767502328
4767490906
4767484416
4767450926
4746844478
4746841020
4746837406
4746811697
4746797285
4746783532
4746771442
4746748457
4746735792
4746733968
4746727508
4737022630
4736954321
4724783520
4724779582
4724764158
4724673668
4724752459
4724747863
4724733830
4724676314
4724673739
4724672314
4724670035
4724668672
4724665249
4724654155
4724596551
4700310247
4700249970
4700245357
4700241806
4700241563
4700233384
4700174814
4700174607
4700170147
4700167151
4696860395
4696782915
4677856160
5036361880
5013518855
5013560315
5001486337
5001535716
5001484469
5001432992
5001429756
4974928063
4974980656
4975047297
4975030574
4974992368
4974931886
4974987220
4974977882
4974930018
4974929481
4962162873
4962124076
4962123427
4962109566
4962063453
4962102845
4962074336
4962068634
4962065431
4962062157
4948044128
4948042526
4948041973
4948039953
4948039683
4948031345
4948017212
4947981053
4947976666
4947973982
4947970617
4947969472
4947965364
4932812427
4932752106
4932806400
4932797716
4932797444
4932782490
4932751160
4932747920
4932747562
4932745569
4932742118
4917644618
4917642181
4917577614
4917640356
4917628620
4917584683
4917577772
4917573450
4917518181
4904353185
4904350413
4904345179
4904344209
4904342081
4904330747
4904325608
4904301823
4904297244
4904294394
4904294010
4904291434
4904291420
4904290435
4890742801
4890715806
4890703768
4890700010
4890697820
4890690701
4890654661
4890647330
4890645453
4890643492
4890643028
4890639669
4890635247
4890592618
5156734591
5156733998
5156730263
5156729870
5156728158
5156697508
5156696620
5156693998
5156693917
5156692893
5156691955
5127043944
5127089820
5117659825
5117583990
5117617389
5117613887
5117582525
5108386708
5108370271
5108346149
5108344632
5108306999
5108332927
5108332577
5108304926
5108296131
5108293732
5098722278
5098683165
5098677317
5098676102
5098662537
5098651418
5098649834
5098649347
5088723729
5088713855
5088712785
5088709497
5088701322
5088680267
5088674966
5088674282
5088673899
5078788270
5078772753
5078768526
5078754613
5078740169
5078731191
5078730473
5078730055
5068596853
5068593854
5068587651
5068571338
5068547112
5068546514
5068543592
5068542278
5058358221
5058345153
5058326638
5058297712
5058284894
5058283086
5047346157
5047340960
5047336087
5047333718
5047321052
5047319504
5047313178
5047300921
5047292094
5047291770
5047289656
5195004416
5194996792
5194995937
5194989705
5194975805
5194962262
5194961533
5194960368
5194958737
5194953773
5194952861
5185586148
5185578691
5185575437
5185573124
5185547277
5185539820
5185532017
5185531078
5185528873
5165804162
5165801058
5165795315
5165760448
5165759728
5165759230
5165755414
5203960103
5203930791
5203924102
5203915956
5203914846
5203907974
5203903546
5203885162
5203884365
5203881678
5203879136